edges=[[0,197,274,324,123,377,162,116,316,210,422,225,217,243,379,546,659,373,611,426,604,489,497,627,480,532,655,447,607,577],[197,0,268,403,271,259,286,166,288,407,419,227,267,151,263,548,571,423,651,428,654,483,547,677,530,582,657,526,657,545],[274,268,0,229,167,106,126,102,299,352,263,269,203,238,242,635,557,359,532,470,585,494,425,485,466,518,690,352,593,459],[324,403,229,0,357,290,162,331,146,377,126,255,314,252,364,406,328,320,303,266,356,341,196,256,239,297,461,123,442,230],[123,271,167,357,0,265,272,183,244,215,299,102,133,120,232,423,446,440,526,303,553,439,553,694,541,599,532,446,593,420],[377,259,106,290,265,0,215,208,200,246,164,342,132,187,240,601,533,465,654,543,653,395,486,545,512,694,733,413,699,520],[162,286,126,162,272,215,0,228,308,356,285,170,280,260,217,491,490,482,465,371,518,503,358,418,401,459,600,285,661,392],[116,166,102,331,183,208,228,0,200,273,289,261,101,136,209,530,543,257,495,462,488,373,381,511,364,416,646,457,491,461],[316,288,299,146,244,200,308,200,0,284,273,142,243,137,249,401,333,311,454,343,453,195,342,345,312,494,533,269,526,376],[210,407,352,377,215,246,356,273,284,0,251,186,253,296,281,507,530,530,738,387,737,479,573,629,596,689,616,500,677,504],[422,419,263,126,299,164,285,289,273,251,0,381,188,268,274,532,454,446,429,392,482,468,322,382,365,423,587,249,568,356],[225,227,269,255,102,342,170,261,142,186,381,0,276,222,210,321,344,518,424,201,451,337,451,421,439,435,430,344,491,318],[217,267,203,314,133,132,280,101,243,253,188,276,0,236,108,597,576,358,697,477,696,438,482,588,465,517,706,437,592,562],[243,151,238,252,120,187,260,136,137,296,268,222,236,0,112,538,470,393,555,423,590,332,448,482,449,549,713,375,627,482],[379,263,242,364,232,240,217,209,249,281,274,210,108,112,0,531,554,466,634,411,661,444,560,594,649,625,640,487,701,528],[546,548,635,406,423,601,491,530,401,507,532,321,597,538,531,0,212,273,103,120,234,206,281,100,202,114,132,283,380,275],[659,571,557,328,446,533,490,543,333,530,454,344,576,470,554,212,0,286,109,143,107,138,132,191,243,124,307,258,193,151],[373,423,359,320,440,465,482,257,311,530,446,518,358,393,466,273,286,0,238,321,231,116,124,254,107,159,389,200,234,204],[611,651,532,303,526,654,465,495,454,738,429,424,697,555,634,103,109,238,0,223,261,259,193,247,131,133,198,180,281,159],[426,428,470,266,303,543,371,462,343,387,392,201,477,423,411,120,143,321,223,0,250,281,293,220,238,234,229,143,290,117],[604,654,585,356,553,653,518,488,453,737,482,451,696,590,661,234,107,231,261,250,0,258,160,232,124,139,279,271,300,140],[489,483,494,341,439,395,503,373,195,479,468,337,438,332,444,206,138,116,259,281,258,0,229,150,117,299,338,239,331,289],[497,547,425,196,553,486,358,381,342,573,322,451,482,448,560,281,132,124,193,293,160,229,0,220,112,101,265,145,325,147],[627,677,485,256,694,545,418,511,345,629,382,421,588,482,594,100,191,254,247,220,232,150,220,0,108,215,232,133,384,240],[480,530,466,239,541,512,401,364,312,596,365,439,465,449,649,202,243,107,131,238,124,117,112,108,0,265,329,116,341,194],[532,582,518,297,599,694,459,416,494,689,423,435,517,549,625,114,124,159,133,234,139,299,101,215,265,0,262,290,317,283],[655,657,690,461,532,733,600,646,533,616,587,430,706,713,640,132,307,389,198,229,279,338,265,232,329,262,0,331,248,224],[447,526,352,123,446,413,285,457,269,500,249,344,437,375,487,283,258,200,180,143,271,239,145,133,116,290,331,0,319,107],[607,657,593,442,593,699,661,491,526,677,568,491,592,627,701,380,193,234,281,290,300,331,325,384,341,317,248,319,0,212],[577,545,459,230,420,520,392,461,376,504,356,318,562,482,528,275,151,204,159,117,140,289,147,240,194,283,224,107,212,0]];