edges=[[0,8113,1176,7496,3021,13253,14106,1236,7254,4948,13057,13505,9235,3970,4878,10769,14883,1154,13882,13636,2954,10269,9826,3643,5921,12929,1100,12810,12171,11366],[8113,0,1469,7764,1495,10914,3574,13437,3620,10853,1952,9499,3946,14805,11948,2168,13346,4141,4617,6518,4928,8014,2626,3373,3264,10980,14163,8001,10399,8929],[1176,1469,0,4926,9736,2956,10951,6797,9474,5309,5486,4588,1087,1191,3336,13125,12237,10564,10917,9619,12006,1679,11519,8866,11980,1903,8624,11314,5825,8909],[7496,7764,4926,0,11526,11196,12144,14115,1995,2492,7413,3813,1219,8490,10988,3486,4809,6544,13960,14172,2874,14746,11498,6286,6711,9499,1716,13692,3368,8380],[3021,1495,9736,11526,0,12620,9799,12825,14095,4636,1354,5266,1026,6971,12353,10425,12254,8963,11471,12718,8782,7431,6173,5639,4783,8868,1058,12945,2419,14386],[13253,10914,2956,11196,12620,0,11119,5710,7233,5645,4242,2799,9237,3893,11515,8794,13023,8764,6704,9111,4583,8246,11733,13787,6011,6476,11547,9678,7112,8516],[14106,3574,10951,12144,9799,11119,0,8961,8588,2941,11677,13346,12308,14105,11095,14791,14021,5749,11175,10632,7322,10751,3703,6467,7167,1029,11900,9773,1917,10088],[1236,13437,6797,14115,12825,5710,8961,0,3201,13816,12468,12949,8052,3094,1484,11673,5625,13183,7148,5045,6074,3303,11478,2948,12234,9557,4527,10418,1638,1730],[7254,3620,9474,1995,14095,7233,8588,3201,0,7644,10502,14009,9796,6045,6652,9899,2551,14465,4315,5776,12995,14397,12062,11557,11200,10837,3711,1992,4687,8851],[4948,10853,5309,2492,4636,5645,2941,13816,7644,0,3525,3779,7213,1805,2665,13089,5773,14341,2488,8745,2755,10525,9082,6766,4823,10495,9620,11695,9244,14789],[13057,1952,5486,7413,1354,4242,11677,12468,10502,3525,0,7475,13268,7142,7656,8660,7266,3868,6777,3994,7118,2065,14152,3004,11469,14295,7360,9892,14036,9249],[13505,9499,4588,3813,5266,2799,13346,12949,14009,3779,7475,0,7008,7245,2988,10720,1224,14570,1000,7184,14322,13068,10456,8216,14074,11176,14884,3179,4461,10862],[9235,3946,1087,1219,1026,9237,12308,8052,9796,7213,13268,7008,0,13541,11350,11021,12385,7658,11304,11281,2252,10841,7034,2420,8338,4636,8502,11979,14313,2575],[3970,14805,1191,8490,6971,3893,14105,3094,6045,1805,7142,7245,13541,0,4064,11051,1305,12198,5284,8718,2417,2148,7075,3293,7621,2290,13858,14992,14642,2609],[4878,11948,3336,10988,12353,11515,11095,1484,6652,2665,7656,2988,11350,4064,0,14646,1544,5542,9725,1925,10809,7384,1930,12160,14448,11861,12355,7768,13933,4418],[10769,2168,13125,3486,10425,8794,14791,11673,9899,13089,8660,10720,11021,11051,14646,0,10212,10895,4212,2055,8882,1399,3833,5023,1389,8137,12770,8925,14351,11406],[14883,13346,12237,4809,12254,13023,14021,5625,2551,5773,7266,1224,12385,1305,1544,10212,0,11017,4009,7671,9184,12707,10628,10112,5907,7682,5293,2446,10897,9672],[1154,4141,10564,6544,8963,8764,5749,13183,14465,14341,3868,14570,7658,12198,5542,10895,11017,0,10638,9902,4784,6804,9803,13086,13890,13198,8104,10016,11861,5373],[13882,4617,10917,13960,11471,6704,11175,7148,4315,2488,6777,1000,11304,5284,9725,4212,4009,10638,0,9007,6260,6339,3414,11707,8669,13116,3478,5054,10286,7521],[13636,6518,9619,14172,12718,9111,10632,5045,5776,8745,3994,7184,11281,8718,1925,2055,7671,9902,9007,0,12956,12495,2548,8232,10454,6307,2720,3433,8159,13721],[2954,4928,12006,2874,8782,4583,7322,6074,12995,2755,7118,14322,2252,2417,10809,8882,9184,4784,6260,12956,0,10454,4105,10504,3592,1981,10287,2953,14673,6531],[10269,8014,1679,14746,7431,8246,10751,3303,14397,10525,2065,13068,10841,2148,7384,1399,12707,6804,6339,12495,10454,0,14295,10991,4107,13592,4772,8851,14727,1295],[9826,2626,11519,11498,6173,11733,3703,11478,12062,9082,14152,10456,7034,7075,1930,3833,10628,9803,3414,2548,4105,14295,0,14234,11337,10509,3174,3866,6192,9180],[3643,3373,8866,6286,5639,13787,6467,2948,11557,6766,3004,8216,2420,3293,12160,5023,10112,13086,11707,8232,10504,10991,14234,0,8114,6812,2270,3134,1368,8846],[5921,3264,11980,6711,4783,6011,7167,12234,11200,4823,11469,14074,8338,7621,14448,1389,5907,13890,8669,10454,3592,4107,11337,8114,0,14956,9414,3839,2645,8028],[12929,10980,1903,9499,8868,6476,1029,9557,10837,10495,14295,11176,4636,2290,11861,8137,7682,13198,13116,6307,1981,13592,10509,6812,14956,0,4340,4106,13711,10206],[1100,14163,8624,1716,1058,11547,11900,4527,3711,9620,7360,14884,8502,13858,12355,12770,5293,8104,3478,2720,10287,4772,3174,2270,9414,4340,0,6314,9199,11248],[12810,8001,11314,13692,12945,9678,9773,10418,1992,11695,9892,3179,11979,14992,7768,8925,2446,10016,5054,3433,2953,8851,3866,3134,3839,4106,6314,0,8260,5607],[12171,10399,5825,3368,2419,7112,1917,1638,4687,9244,14036,4461,14313,14642,13933,14351,10897,11861,10286,8159,14673,14727,6192,1368,2645,13711,9199,8260,0,9887],[11366,8929,8909,8380,14386,8516,10088,1730,8851,14789,9249,10862,2575,2609,4418,11406,9672,5373,7521,13721,6531,1295,9180,8846,8028,10206,11248,5607,9887,0]];